
Initial FFT Slab Distribution Based on Workload Estimate:

  FFT slabs assigned to    8 tasks
  Maximum of   18 xy slabs per task
  Maximum of   10 zx slabs per task
  Count of FFT xy slabs assigned to each task:
       0   0   0   0   0   0   0   0  18   0   0   0   0   0   0   0
       0  18   0   0   0   0   0   0   0   0  18   0   0   0   0   0
       0   0   0  18   0   0   0   0   0   0   0   0  18   0   0   0
       0   0   0   0   0  18   0   0   0   0   0   0   0   0  18   0
       0   0   0   0   0   0   0  18
  Count of FFT xz slabs assigned to each task:
       0   0   0   0   0   0   0   0  10   0   0   0   0   0   0   0
       0  10   0   0   0   0   0   0   0   0  10   0   0   0   0   0
       0   0   0  10   0   0   0   0   0   0   0   0  10   0   0   0
       0   0   0   0   0  10   0   0   0   0   0   0   0   0  10   0
       0   0   0   0   0   0   0  10

First FFT Slab Distribution Based on Actual Workload:

  FFT slabs assigned to   30 tasks
  Maximum of    5 xy slabs per task
  Maximum of    3 zx slabs per task
  Count of FFT xy slabs assigned to each task:
       0   0   4   0   4   0   0   4   0   4   0   4   0   0   4   0
       5   0   0   5   0   5   0   5   0   0   5   0   5   0   0   5
       0   5   0   5   0   0   5   0   5   0   0   5   0   5   0   5
       0   0   5   0   5   0   0   5   0   5   0   5   0   0   5   0
       5   0   0   5   0   5   0   5
  Count of FFT xz slabs assigned to each task:
       0   0   3   0   3   0   0   3   0   3   0   3   0   0   3   0
       3   0   0   3   0   3   0   3   0   0   3   0   3   0   0   3
       0   3   0   3   0   0   3   0   3   0   0   3   0   3   0   3
       0   0   2   0   2   0   0   2   0   2   0   2   0   0   2   0
       2   0   0   2   0   2   0   2

Image Distribution at run step     543:

  Count of images assigned to each task:
         1226     2311     1549     1667     1846     1559     1827     1037
         1539     1234     1755      503     1719      307     1855      320
          208     1034       78      220      741      962      844      353
          686       20      176       25      176      215      859     1263
          107     2222     1625     1197     1381     1222     2008     1747
         1119     1732      686     1318      989      604     1176     1463
         1575     1431     2050     1388     1734     1640     1822      596
         1209      957      942     1915     1343     1998     1274     1989
         1548     1653     2347     2209     1246     2803     2472     2055

Atom Distribution No.     7 at run step    3780:

  Count of atoms assigned to each task:
         2799     1032     2300      961     2735     1328     2574     1335
         3068     2054     2344     3302     1462     3036     2995     1974
         1079     2656     1887      594     1521     1314      930      690
          834      546      219      258      495      447      504     1281
          687      900      702      630     1233      502     1297      885
          207      589     1154      693      812      471      511     1180
         1035     1459      624      519      608     1010     1246      803
          661     1050      822     1552      612      545     1129     1314
         1379     1984     1709     1821     1272     1375     1436     1934

Atom Distribution No.     8 at run step    7379:

  Count of atoms assigned to each task:
         1076     1236     2286     1020     1544      621      987     1792
         1719     1869     1961     1609     2137     1014     2105     1761
         1512     1152      681     1391     1290     1841     1116     1306
           93      708        6      120      162      306      294     1170
         1608     1059      930     2447     1122     1938     1689     1551
          669     1557      570     1071      772     1461     1628      962
          594     1544      607     1130     1239      580     1153      855
         1381      836     1088      856     1463     1319     1074     1952
         1113     1914     1044     2409     2230     1284     2017     2305

Atom Distribution No.     9 at run step   10957:

  Count of atoms assigned to each task:
         1734     2864      987     2625     1596     1663     2384     1281
         1594     1302     1936     1425     1437      687     1421     1426
         1095      805      503     1315      900      423      776     1207
          312      939      336      931      696      723      909     1715
         1875     1407     1215     1230      228     1524      840     1008
            9      963      906      561      534     1053     1273     1989
         1854     1345      992      940     1313      948     1655     1885
         1073      899     1235     1671     1190     1094     1603     1473
          592      574     2734     1599     1699     1776     3095     1105

Atom Distribution No.    10 at run step   14586:

  Count of atoms assigned to each task:
         1546     1883     1984     1890     3165     1587     1041     2002
         1803     2493     1125     1992     2195     1985     2380     1623
         1845     1273      864     2045     2057     1194      756     1145
           15      303      186      648      603      858      312      945
         1128      324      933     2316      603     1677      348      867
            3      648      635     1048      873     1597      111      294
         1008      462     1303      379      756     1058      512      778
         1043     1069     1389     1356      686     1448     1334     2937
         2340     1074     2658     1265     1611     2188     1833     1271

Atom Distribution No.    11 at run step   18194:

  Count of atoms assigned to each task:
         2418     2361     2258     1476     2449     1890     1480     2221
          876     1056     1980     1534     1649      654     1068     1312
         1344     1175      807      420      975     1331      300      453
           18      405       39      720      804     1117       36     1158
          747     1062      594      360     1449     1440     1212     1230
          675     1536     1494     1296      906     1287      567     1221
         1562     1200     1170     1412     1681     1040     1293      861
          429     1047     1773     2822      594     2055     1060     2194
          562     2040     3189     1621     1368     2249     1699     1125

Atom Distribution No.    12 at run step   21796:

  Count of atoms assigned to each task:
          969     1899     1376     1893     1600     1802     1982     2019
         1194     1826     1071     2028     1944     1910     1419      951
         1820      587      913     1185      789     1078     1458     1065
         1354      978      882     1410     1761      754       75     1419
         1494     1011      885     1266      273       78      219     1464
          819      888     1200      825     1488      670      861     1265
         1722     1207     1247      597     1678     2019     2096     1327
         1049     1417      945     1100      560     2177     2542     2223
         1122      570     1005     1213     1191     1078     1502     1202

Atom Distribution No.    13 at run step   25390:

  Count of atoms assigned to each task:
         1336     1766     1208     1047     1613     1296     1710     1312
          672      905     1128     1206     2295     1403     2107     1929
         1686     1461      906      849      456      822     1069     1062
         1002      875       57      426     1287      703        0      897
          948     1484     1356      669      162      729       42     1578
          891     1437     1191     1521     1497     1434      933     1185
         1539      923     1236     1358     1244     1214     1192     1602
         1576     1175     1681      955     2466     1432      899     1907
         1028     1686     2470     1433     2426     1724     2124     2068

Atom Distribution No.    14 at run step   28982:

  Count of atoms assigned to each task:
         1359     1794     1612     2226     1485     1651     1053     1443
         1244      951     2610     1017     2872     1624     2705     2171
         2018     1119     1131     1413     1386     1927     1095     1972
          417     1242      419     1914     1272     1053      492     1749
         1002      651     1365     1386       39      651       81     1268
          639     1365      591      814     1761     1298     1024     1309
         1107      672     1108      680     1707     1018      866      973
          956      654      838     1340      597     2147     1477     1083
         1445      597      573     1506     1721     1981      714     1466

Atom Distribution No.    15 at run step   32590:

  Count of atoms assigned to each task:
         1431     2429     1320     1776     1287     2707     1029     1770
          999      597     1157     1797     1367      600     1089     1113
          637     2170     1043      765      987      837      740     2006
          255     1632       15     1188      953     1731       33     1785
           18       36      660      117      828     1863     1167     1410
          714     1944     1218     1299      735     1377     1971     1707
          603     1188     1347     1703      951     1030      957      832
         1595     1104     1374     1348      947     1508     1195      951
         2294     2104     2196     2023     1958     2226     1643     1520

Atom Distribution No.    16 at run step   36200:

  Count of atoms assigned to each task:
         1920     2713     1104     1719     1113     1906     1734     1432
         1023     1739     2317     1786     2478     1584     2140     1224
         1687     1593     1340     2433     1006      912      846     1392
           69      567      168      864     1338     1098       51      939
           27      261      651       15      543      726      168      738
          573     1452      888      789      924      693     1362      582
         1017     1377      851     1423      963     2079     1385      861
         1018     1933     1251     1780     1416     2345     1770     1535
         1560     1137      942     1872     2161     1404     1697     2502

Atom Distribution No.    17 at run step   39806:

  Count of atoms assigned to each task:
         2993     3232     2994     2209     3604     1705     2136     1654
         2678     2018     1056     2236     2320     1639      639     2114
         1332     1056     1533      630      378     1173      795     1032
           27      636       54     1560     1206     1284      447     1017
         1428      804      957     1479     1165     1819      408      949
          696      909     1184      331      362     1156      770      281
          330      736       75      964     1132      965     1007      636
          465      586     1096     1541      948     1700     1033     1356
          580     1254     1437     1307     1710     3402     1263     1298

Atom Distribution No.    18 at run step   43404:

  Count of atoms assigned to each task:
         1472     1488     1955     2194     1842     1680     1722     1703
         1338     1493     1464     1874     1916     1176     1185      842
         1117     1299     1511     1618       33     1181     1156     1104
           54     1690        0     1101      783      623       21      188
           30       45      459      183     1059     1407     1545     1392
         1017     1116     1335     1020      834     1215     1116     1149
         1059     1506     1543      822      565     1559     1240      765
         1310      823     1489     2010     1037     1173     1502     1856
         1760     2134     1608     1486     2125      971     2957     3861

Atom Distribution No.    19 at run step   47001:

  Count of atoms assigned to each task:
         2059     2015     1986      989     2022     1383     1731     2041
         1842     1582     2344     2094     1114     1323     1597     1039
         1432     1036      774      663      485     1872     1512      839
          237     1170     1152     1033     1170     1059       66     1014
           18        6     1434        3     1089      615      741     1251
          939      243      924     1296      785     1680     1721     1557
         1534     2312     1898     1374     1501      958     1274     1546
         1244     1053      623      723     1827     1506     1846      622
         1743     1376     1163     2061     1551     1925      573     1696

Atom Distribution No.    20 at run step   50584:

  Count of atoms assigned to each task:
         1910     1213     2484     1871     2238      807     1500     1689
         1152     1291     1296      615      989      971      927      342
          469      619     1275     1104     1222     1342      399      396
           21     1070      800     1547     1175      441       15     1533
          492      373      916      753     1504     1626      663     1581
          600       81      984      660      786     1182     1293     1095
          636     1302     1338     1224     1698     2632     1457     1327
         1750     1524     1831     2529     1713     2442     1842     1633
         1408     1694     1621     1759     1732     2279     1925     2298

Atom Distribution No.    21 at run step   54176:

  Count of atoms assigned to each task:
          593      705      879      852     1106      660     1086      852
         1156      546     2191     2097     1782     1089     2099     2030
         2442     1578     1430     1617     1272     1459     1149      477
         1400     1452     1292      604     1239      936      207     1155
         2097      888     1176     1515      636       39     1491      558
           42      189      870      171      354      930      849      552
         2070     2107      762     1676      854     1288     1979     1156
          952      746     1340     1196     1362     1457     1376     2396
         2547     1714     1578     2493     1425     3071     2425     1147

Atom Distribution No.    22 at run step   57766:

  Count of atoms assigned to each task:
         3321     3065     1382     2297     1915     1639     1950     1413
         1308     1408     1305     1151     1192      189     1218       27
          617       66      690      952       96      765        3      210
          243       40       12     1318      843     1459      505     1620
         1381     1176     1317     2208     1305     1947     1665     1125
          456     1104     1323     1830     1731     1785     1429     1359
         1007      805     1011      791      957      959      601     1136
          778     1804     1659     2255     1804     1052      551     1455
          585     1935     1701     2367     1239     2153     2510     2431

Atom Distribution No.    23 at run step   61361:

  Count of atoms assigned to each task:
         1315     2217     3000      832     1413     2104     1889     1960
         2030     1713     2002     1784     2911     2558     1562      703
         1928      955     2109     1018     1227     1647     1359      921
          768      567      315      588     1086     1032      999      984
          732      795     1161      528      747      593      529      213
          129      768     1043      649      666     1008      318      627
         1063      567     1082     1525     1414      725      839     1811
         1012      594     1618     2139      570     1211     1023     1090
         2465     3205     1304     2469     1600      572      584     2422

Atom Distribution No.    24 at run step   64986:

  Count of atoms assigned to each task:
         2276     2246     1206     1307     1221     1780     1689     1689
         1233     2047     1374     1208      655     1032      675     2265
          714     1312     1516     1445     1481      357      588     1681
          513     1098        0      935     1776      855     1354     1146
         1197        0      396       45      882     1068      912       12
          201     1071      591      618     1419     1755     1071      969
         1026     1361      830     1503     1681     2225     1328      999
         2048     1882     1063     1402     2187     2014     1923     2733
         1053     2026     1473     1086     1436     1637     1510     1599

Atom Distribution No.    25 at run step   68568:

  Count of atoms assigned to each task:
         2576     1118     1457     2290     1863     1962     1787     1928
          990     1597      585     1507     1611     1343     1388      348
          996      441      661      411      984        3       63      192
            0      280        0      885     1342      342     1012      789
         1599      834      769      828     1389     1356     1188      915
         1119      663      864      798     1578      792     1809     2358
         1999     1165     1186     1461     1063     1237      636     1448
         1330     1466     1797     2002     1567     1772     1527      652
         2670     1946     2609     1628     1677     2153     2378     1927

Atom Distribution No.    26 at run step   72167:

  Count of atoms assigned to each task:
         1451     2124     1385     1050     2046     1173     1909     1095
         2333     1996     1743     1842     2039     1060     2012     2047
          944     1045      664     1077      985     1460      597     1135
          621      876      213     1194     1346       15     1044      915
         1053     1116     1329      855       90      135       84      369
          177      564      612      777     1071     1305     1243      894
          738     1080     2009     2101     1709     1821     2213      987
          579     1578      768      568     1349     1375     1764     2077
         1040     2125     1987     2240     2160     1287     1916     2325

Atom Distribution No.    27 at run step   75767:

  Count of atoms assigned to each task:
         1647     1083     1229      972     1257      955     2097     1765
         1419     2149      978     1331     1545     1517     2674     1421
          819     1728     1128     1604      783      963     1341     1478
         1327     1995        0     1841      861       90      774     1830
         1626      981      909      876     1152      597     1335     1269
           39     1782     1068     1098     1567     1353      863     1795
         1943     2556      964     1434      835     2054      667     1126
          960      539      896     2257      882     1781      960     1284
         1226     1942      915     1011      585     1176      579     1423

Atom Distribution No.    28 at run step   79347:

  Count of atoms assigned to each task:
         1265      999     1982     2019     1364     1014      876      997
         1320     1719     1959       75     1813     1311     2594      858
         1472     1197     1451      639     1272     1806      606     1675
         1181     1590        0      910     1002        0     1329     1007
          876     1668     1323      705     1305      996     1218     1050
          648     1389      957      621      786     1062     1783      936
         1171     1227     1017     1485     1152     1149     1372     1788
         1066     1072      822     1727     1442     1145     1894     1273
         1055     1161     1373     2114     1291     2149     2356     1980

Atom Distribution No.    29 at run step   82950:

  Count of atoms assigned to each task:
         1032     2359     2072     2036     2121     1727     1092     1933
         1215     1567     1191      578      885      408     1644      219
         1007      861     1411      991      822     1134      224     1541
          456      816        0      707      674     1029      408     1530
         1221     1902     1296     1062     1575     2259     1035     1497
          873     1758     1533      590      924     1324     1798      837
         1138     1049      579      627     1095      851      429     1062
         1049      911     2123     1195      906     1665      982     1256
         1628     1619     1493     2954     1995     1160     2862     3104

Atom Distribution No.    30 at run step   86540:

  Count of atoms assigned to each task:
         1849     1668     2867     1694     2850     2159     2273      975
         1061     1116     2351      867     2322     1860     2199     1061
          915     1557      924      942     1680     1516      210     1098
         1161     1065       84      804      867      963      504      618
         1050     1137     1737     2271     1158     1085     1488      908
          573      189      906     1086      998     1205      847      931
          605      263      970     1297      793      624     1197     1031
          805     1200     1059     1009     1346     1424     1817     1090
         1612      555     2144     1017     1988     1894     1838     1679

Atom Distribution No.    31 at run step   90145:

  Count of atoms assigned to each task:
         1003     1236     1502     1464     1468     1153     2634     1851
         2771     1388     1326      934     2081     1636     1238     1095
         1769     1410      761     1162      972     1269      807     1140
         1008      929       18     1431      561      920      603      552
          924     1584      480     1410     1227     1440     1272     1098
          588      165      396      591      162      784      741      147
          669     1381     1111     1753     1576     1311      898      820
          967     1033     1100     1732     1968     1928     1862     1681
         1875     2088     1326     3130     1433     1802     2746     1615

Atom Distribution No.    32 at run step   93743:

  Count of atoms assigned to each task:
          910     1074     2124     1824     2061      939     1356      354
         1362     1483      930      777     1873     1395     1038      378
         1467     1386      891     1724      584     1222      282     1655
          327      938        0      189      225     1801      774      933
         1754     1521     1826     1812      819     1587     1782     1911
          927     1485     1773     1766      825      954     1162     1308
          839     1157     1017     1143     1181     1532      995     1116
         1375     1334     1368     1548      541     2062     2045     1269
         1334      573     1582     1059     1521     1717     2371     2739

Atom Distribution No.    33 at run step   97358:

  Count of atoms assigned to each task:
         1215     1110     1959     1584     1726     1095     1574     1110
         1538      818     1320     1432     3113     1281     2652      897
         1138     1272     1059     2099      684     1534       54      431
            6      285      138       54      324      393      447     1675
         1362     1554      795     1236      795      873      720      777
          585     1011     1038     1368      864     1221     1953     1014
         1170      958      643     1095      675     1422     1382     1299
         1843     1817     1950      603     1261     1130     1594     1306
         2263     3613     1077     2893     2228     2865     1353     1283

Atom Distribution No.    34 at run step  100941:

  Count of atoms assigned to each task:
         1851     3609     1984     1950     2507     1213     1877     2110
         1984     2040     1298     1186     1350      197     1258        0
         1185      228      974      178      177      387        9      696
          288      597      171      906     1167     1017      750      809
          234      666      585     1658     1086      969     1312      282
          612      711     1146      915     1053      624      834     1149
          609     1626     1506     1196     1050     1014     1746     1416
         1355     1498     2279     2300     1013     1190     1989     1929
         1263     2634     2289     1861     2337     1350     3549     2118

Atom Distribution No.    35 at run step  104564:

  Count of atoms assigned to each task:
         2390      594     1513     2468     2371     1954     2180     2004
         2384      609     1406     1392     1579     1396     1690      962
         1440      764      616      615     1489      894      846     1413
          900     1524     1314     1662     1059      591     1116      621
          153      975     1494      603     1428     1719       66       30
          555      858      708      849     1005     1430     1029     1223
         1335      615     2116     1673     1085     1828     1675     1765
          923     1570      489     1588     1937      540      588      541
         2137      985     1077     2022     2236     2260      564     1476

Atom Distribution No.    36 at run step  108185:

  Count of atoms assigned to each task:
         2520     1246     1989      640     1980     1026     1423      882
         2233     1509     1467      675      999     1787     1943     1116
         1464     1637     1527     1140     1348      846      684      946
          498     1809       79      865       42      138       87       60
           15      918      492       84      513     1399       27       15
          411      537     1173     1290      918     1533     1425      849
         1464     1116      606     1859     1161     1116     1684     1690
         1383      622     2288     3237     1988     1976     1008     2488
         1686     1050     2960     2913     3179     1579     2125     1524

Atom Distribution No.    37 at run step  111750:

  Count of atoms assigned to each task:
         2512      603     1237     2410     2616     1193     1044     2333
          801     1077     2176     1181     2178     1960     1993      701
          597     1203      873     1758      597     1070      877     1437
          933     1626      900      837      693      687      699      885
          339     1749      612      165      516     1260      783      180
           54      861     1362     1527     1554      921     1721      987
         1690      907     1666     1703      720     1070     1552      939
         1569     1047      576      804      870      654     1334     2472
         2205     2314     2186     1197      908     2015     2019     2211

Atom Distribution No.    38 at run step  115349:

  Count of atoms assigned to each task:
         1052     3018     2617     2570     2265     1687     2356     1862
         1194     1684     2091     1050      597     1119     1092      406
          360     1047      870     1219      942      945     1212      816
          240      444      546      381      777     1485      375      993
          402     1209     1173      405     1692      846      825       45
            0     1557      825     1278     1092      645      860     1080
         1059      821     1595      618      322      613      897     1404
         1155     1210     1659     1186     1212     1355     2053     1110
         1987     3019     1681     2363     1475     1998     3420     3448

Atom Distribution No.    39 at run step  118972:

  Count of atoms assigned to each task:
         3032     2186     2404     2380     2557     1065     1467      735
         1105     1314     1483      325      939     1409     1277     1197
          935      798      855      957      820     1639      618     1128
          372      750      738      237      618     1237       48      726
          561     1253      312      165     1074     1149     2064        3
           33     1056      777     1173      486     1020     1203     1452
         1077     1581      925     1154      762     1026     1570      909
          895     1459      543     1642     2233     2131     1334      510
         2525     2652     3229     1294     2878     2093     3591     1761

Atom Distribution No.    40 at run step  122576:

  Count of atoms assigned to each task:
          639     1170     1712     1659     1797     1176     1212     1861
         1533     1157     1251      819      958     1884     2370     1832
         1273     1057     1364     2030     1731     2237      117     1983
          522       70      731      786     1059      942       12     1410
         1338     1434      141       60     1326     1509      729       48
          666      687     1407      885     1413     1179     1389     1600
          858     1572     1461     1371     1322     1711      553     1675
          581      953     1207     1917     1165      507     2436      943
         1422     1582     1628     2412     2227     1563     1575     2100

Atom Distribution No.    41 at run step  126173:

  Count of atoms assigned to each task:
         1920     1128     1136     1410     2455     1080     2550     1848
         1653     1087     1792     1823     1509      918      711      814
         1355     1127     1013      948      345     1227        0      399
           36        0       93      195      264      948       15      960
         1125      879      665      218     1497     1413     1665     1302
         1349     1545     1167     1380     1086     1689     1806      990
         1248      915     1278      876     1417     1054     1678     1252
         1383     1834     1074     1480     1876     2230     1032     2059
         1527     1394     2156     1316     2288     1899     2965     2140

Atom Distribution No.    42 at run step  129790:

  Count of atoms assigned to each task:
         1596     1164     2016     1371     1112     2949     1349     2102
         2091     1573     1443      534      910      678      753      614
          636      793     1290      756      482     1186     1074      395
           27      904       97      642       18     1158       12      885
         1748     1216      767       12      510      303     1461     1425
          954     1281     1167     1809     1071     1455      624     1215
         1443      630     1329     1356     2184     1254      812     1242
         1064      986     1339      932     1101     1904     1420     1339
         1261     3191      981     3251     1893     5201     3755     1410

Atom Distribution No.    43 at run step  133391:

  Count of atoms assigned to each task:
         2216      978     2269     1360     1708     1301     1336      603
         1635     1434     1125     1303     2275     1332     3385     1122
         1926     1005     2054     1527     2118     1257     1107      723
           27      957      744      591      570     1542      117     1419
         1092      699      567      231      405      243      558      195
          777      870      690     1467      702      784      759      723
         1476     1056      708     1281     1480     1065      980     1608
         1584     1294     2165     2722      955     1679     1280     1118
         2700     1254     1619     1794     2773      537     3323      627

Atom Distribution No.    44 at run step  136999:

  Count of atoms assigned to each task:
         1355     2588     1413     1052     1243      648     1383     3245
         1506     2676     2907     2267     2441     2263     3102     1419
         1708     1947     1907      897     1332     1731      318      624
           45      903       45      759      660      720        0     1569
         1425     1404      915      156      744      553      759      834
          795      461      565      807     1002      913      635      867
          552     1322     1100      735      615     1161     1214      626
          567     1690     1013     1594     1350     1177     1269      623
         1460     3458     1673     2808     1242     1706      621     1822

Atom Distribution No.    45 at run step  140601:

  Count of atoms assigned to each task:
         2021     1856     1449     2006     2369     1646     2815     1068
         1159     1562     1231     2223     1364      613     2062      893
         1200     1271     1284      984     1448     1139      273     1065
          402     1000       51      612      822      411        3      823
          822      255      213      408     1889     1005     1194     1206
         1299     1089     2109     1079     1194     1530      952     1884
         1089     1073     1259      967     1648     1179     1655     1058
          836      513     1180      302     1409     1953     1368     2877
         1969     1549     1193     2458     1680     1699     1092     1647

Atom Distribution No.    46 at run step  144201:

  Count of atoms assigned to each task:
         1837     2242     2208     1986      978     2169     1305     1711
         1227      980     1445     1505      769     2955     2614     1749
         1471     1204      570     2122     1326     2361     1110     2610
         1266      801      861     2106     1428     1806     1035     1071
         1524       42       54      975        0        3        6       63
          522       66      141      285       18      325       84       63
          708     1059     1112     1013     1215     1003     1109     1205
         1663     1720     1032     1816     2283     1202     2048     1338
         1622     2116     2456      624     1023     1151     2355     3034

Atom Distribution No.    47 at run step  147811:

  Count of atoms assigned to each task:
          802     2172     1623     2019     2868      590     1393     1419
         3218     1263     1380     1966     1332     3154     2254     1708
          942     2110     1886     1882      789     1074     1420     1530
          588      896     1404     1518      381     1011        3      114
            0        3        0        0        3      492      744      774
          813     1005      894     1005     1215     1039      935     1386
         1447     1129      922      533      777      780      769      322
         1070     1151     1334     1411     1501     1995     1062     2524
         2347     3016     1196     1212     2130     2209     1156     1896

Atom Distribution No.    48 at run step  151425:

  Count of atoms assigned to each task:
          713     2418     2187     1543     1045      621     2402      792
         2102     1002     1437     1509     1026      793     1269      561
          753      943     1159     1014     1520      114      582      591
          105     1292      988     1206        0      728        0      734
          912      579      486     1719      954     1201     1170     1179
          819     1275     1275     1134      993     1182     1365     1656
         1019     1827     1799     1366     1041     1635     1526     1114
          647     1652     2198     1471     1044     2256     1474     1679
         1599     3252     1547     2077     1284     2536     1434     2381
